55
JQ247408.1  0.0000000 0.0013583 0.0032429 0.0028457 0.0035142 0.0037162 0.0031084 0.0029757 0.0029797 0.0027837 0.0023183 0.0023182 0.0025134 0.0033150 0.0030418 0.0029756 0.0031770 0.0035083 0.0031746 0.0033045 0.0028410 0.0060150 0.0041127 0.0050849 0.0027751 0.0032407 0.0035053 0.0029073 0.0030441 0.0025832 0.0028414 0.0029099 0.0030445 0.0030419 0.0028436 0.0035178 0.0029116 0.0023199 0.0025785 0.0028471 0.0028472 0.0024482 0.0028434 0.0026441 0.0027754 0.0153667 0.0159509 0.0159495 0.0158754 0.0156172 0.0325229 0.0325236 0.0295794 0.1884797 0.1918817 
KX459697.1  0.0013583 0.0000000 0.0025800 0.0019324 0.0027140 0.0029117 0.0025788 0.0023182 0.0023214 0.0021286 0.0016739 0.0015468 0.0017375 0.0026499 0.0022533 0.0023181 0.0023850 0.0028409 0.0023831 0.0026414 0.0023159 0.0053024 0.0031685 0.0044577 0.0019933 0.0024479 0.0027071 0.0023812 0.0023849 0.0019326 0.0021869 0.0021243 0.0023852 0.0025134 0.0023181 0.0027170 0.0021255 0.0016750 0.0019291 0.0023210 0.0024512 0.0019292 0.0023180 0.0019934 0.0021221 0.0140399 0.0146146 0.0146134 0.0145397 0.0144500 0.0315497 0.0315504 0.0289999 0.1872306 0.1906112 
KP172434.1  0.0032429 0.0025800 0.0000000 0.0017388 0.0034493 0.0036508 0.0031099 0.0031763 0.0026519 0.0027193 0.0021254 0.0019964 0.0021899 0.0032500 0.0027136 0.0027793 0.0029796 0.0029775 0.0027794 0.0028424 0.0027767 0.0060905 0.0040470 0.0050878 0.0027112 0.0035771 0.0031735 0.0029089 0.0028474 0.0023886 0.0026458 0.0025826 0.0027160 0.0026480 0.0027793 0.0030467 0.0027155 0.0022563 0.0023223 0.0026512 0.0027828 0.0023844 0.0022527 0.0025801 0.0027112 0.0149441 0.0155254 0.0155241 0.0154501 0.0151943 0.0318501 0.0318508 0.0292935 0.1878014 0.1925179 
JF499899.1  0.0028457 0.0019324 0.0017388 0.0000000 0.0029168 0.0031156 0.0029778 0.0027799 0.0021308 0.0021970 0.0016130 0.0014859 0.0016766 0.0027201 0.0024522 0.0025175 0.0024542 0.0028459 0.0023871 0.0025804 0.0022549 0.0053117 0.0034405 0.0046720 0.0021903 0.0029114 0.0029091 0.0026463 0.0023238 0.0021294 0.0021259 0.0020631 0.0021942 0.0023871 0.0023870 0.0025203 0.0020645 0.0018697 0.0019349 0.0025206 0.0026518 0.0019967 0.0021238 0.0021903 0.0023199 0.0142896 0.0148664 0.0148651 0.0147913 0.0145378 0.0305258 0.0305265 0.0279917 0.1868495 0.1904101 
KP017255.1  0.0035142 0.0027140 0.0034493 0.0029168 0.0000000 0.0012945 0.0023898 0.0021298 0.0031843 0.0031199 0.0025179 0.0025178 0.0027144 0.0033878 0.0029809 0.0029147 0.0032493 0.0035816 0.0032468 0.0033771 0.0033104 0.0056693 0.0036456 0.0048151 0.0023222 0.0031798 0.0023874 0.0021929 0.0029831 0.0027850 0.0031776 0.0032471 0.0033833 0.0033805 0.0033134 0.0037265 0.0031157 0.0025197 0.0027800 0.0031839 0.0030509 0.0027801 0.0031799 0.0028460 0.0029782 0.0149738 0.0155556 0.0155543 0.0154802 0.0150577 0.0322642 0.0322649 0.0295130 0.1893463 0.1925478 
JF811749.1  0.0037162 0.0029117 0.0036508 0.0031156 0.0012945 0.0000000 0.0027167 0.0023892 0.0032509 0.0033200 0.0027141 0.0027140 0.0029117 0.0034544 0.0030467 0.0029806 0.0033156 0.0036488 0.0034470 0.0035777 0.0035109 0.0054573 0.0037125 0.0050233 0.0025177 0.0032461 0.0024523 0.0023874 0.0031821 0.0029831 0.0033772 0.0031802 0.0034499 0.0035813 0.0035139 0.0039927 0.0033155 0.0027160 0.0029775 0.0032503 0.0033842 0.0028458 0.0032460 0.0030439 0.0031770 0.0150568 0.0158056 0.0158043 0.0157301 0.0151408 0.0323623 0.0323630 0.0296091 0.1903463 0.1934252 
KP172432.1  0.0031084 0.0025788 0.0031099 0.0029778 0.0023898 0.0027167 0.0000000 0.0013568 0.0031792 0.0029821 0.0023833 0.0025134 0.0027097 0.0033819 0.0028437 0.0029098 0.0029780 0.0031744 0.0029753 0.0033713 0.0031718 0.0056608 0.0035051 0.0043936 0.0023185 0.0027777 0.0022533 0.0019311 0.0029779 0.0027803 0.0030394 0.0029101 0.0033773 0.0032408 0.0031745 0.0037200 0.0029779 0.0025152 0.0027751 0.0030457 0.0030458 0.0027754 0.0030416 0.0027096 0.0028413 0.0142169 0.0147932 0.0147919 0.0147182 0.0144639 0.0318599 0.0318606 0.0291163 0.1871520 0.1914168 
JN084079.1  0.0029757 0.0023182 0.0031763 0.0027799 0.0021298 0.0023892 0.0013568 0.0000000 0.0029137 0.0025865 0.0022534 0.0022532 0.0024481 0.0029820 0.0025809 0.0025157 0.0027141 0.0031746 0.0028436 0.0031050 0.0030390 0.0055187 0.0035049 0.0043924 0.0020597 0.0026462 0.0022533 0.0018031 0.0027140 0.0025178 0.0029071 0.0029760 0.0031107 0.0031081 0.0029094 0.0034504 0.0027140 0.0022549 0.0025131 0.0029131 0.0029132 0.0023831 0.0027775 0.0024481 0.0025788 0.0144610 0.0150389 0.0150377 0.0149638 0.0146263 0.0314747 0.0314754 0.0285519 0.1869047 0.1905047 
HQ259121.1  0.0029797 0.0023214 0.0026519 0.0021308 0.0031843 0.0032509 0.0031792 0.0029137 0.0000000 0.0018034 0.0018698 0.0017417 0.0019339 0.0025905 0.0025847 0.0025194 0.0027181 0.0029136 0.0027160 0.0025822 0.0023866 0.0056673 0.0039144 0.0049524 0.0024517 0.0031788 0.0030434 0.0028454 0.0025867 0.0022607 0.0023868 0.0023241 0.0025870 0.0025848 0.0023887 0.0029842 0.0023254 0.0019997 0.0021270 0.0026537 0.0027854 0.0022567 0.0025191 0.0021918 0.0023217 0.0146387 0.0153837 0.0153824 0.0153084 0.0148871 0.0313843 0.0313850 0.0288365 0.1874599 0.1899715 
KU521454.1  0.0027837 0.0021286 0.0027193 0.0021970 0.0031199 0.0033200 0.0029821 0.0025865 0.0018034 0.0000000 0.0019353 0.0018069 0.0019996 0.0029221 0.0027836 0.0027178 0.0026542 0.0028498 0.0025211 0.0026495 0.0024533 0.0058843 0.0038493 0.0048858 0.0023883 0.0029815 0.0031118 0.0027815 0.0027858 0.0021972 0.0024537 0.0023907 0.0026544 0.0026522 0.0024556 0.0029900 0.0023921 0.0018082 0.0019351 0.0027211 0.0028531 0.0023231 0.0024555 0.0021286 0.0022583 0.0148931 0.0154743 0.0154730 0.0153990 0.0151423 0.0318701 0.0318708 0.0295016 0.1882083 0.1909533 
KY934476.1  0.0023183 0.0016739 0.0021254 0.0016130 0.0025179 0.0027141 0.0023833 0.0022534 0.0018698 0.0019353 0.0000000 0.0006096 0.0010436 0.0025844 0.0021886 0.0021242 0.0020612 0.0025135 0.0021887 0.0021865 0.0018653 0.0052332 0.0031022 0.0041161 0.0019294 0.0026439 0.0025111 0.0023163 0.0021903 0.0017406 0.0017377 0.0020599 0.0020614 0.0020597 0.0019952 0.0025203 0.0019325 0.0011069 0.0012312 0.0021268 0.0022563 0.0017376 0.0019951 0.0018013 0.0019294 0.0141242 0.0146996 0.0146984 0.0146247 0.0143709 0.0312705 0.0312712 0.0285384 0.1870640 0.1902260 
KY077676.1  0.0023182 0.0015468 0.0019964 0.0014859 0.0025178 0.0027140 0.0025134 0.0022532 0.0017417 0.0018069 0.0006096 0.0000000 0.0007949 0.0024534 0.0019308 0.0018667 0.0019325 0.0023831 0.0019310 0.0020575 0.0017375 0.0050931 0.0031021 0.0041159 0.0016739 0.0025131 0.0022512 0.0021868 0.0020609 0.0016131 0.0016102 0.0018032 0.0018045 0.0019310 0.0018668 0.0022595 0.0016765 0.0009819 0.0011059 0.0019978 0.0021268 0.0016102 0.0018667 0.0016737 0.0018014 0.0142869 0.0148634 0.0148621 0.0147884 0.0145340 0.0310787 0.0310794 0.0285368 0.1868105 0.1906275 
KP340170.1  0.0025134 0.0017375 0.0021899 0.0016766 0.0027144 0.0029117 0.0027097 0.0024481 0.0019339 0.0019996 0.0010436 0.0007949 0.0000000 0.0026499 0.0021240 0.0021887 0.0021257 0.0025787 0.0021240 0.0022511 0.0019293 0.0053032 0.0033014 0.0043208 0.0018653 0.0027093 0.0025762 0.0023812 0.0021903 0.0018045 0.0018014 0.0019955 0.0019970 0.0021241 0.0020595 0.0024549 0.0018683 0.0011695 0.0012941 0.0021914 0.0023212 0.0018013 0.0020594 0.0018652 0.0019935 0.0145331 0.0151113 0.0151101 0.0150362 0.0147810 0.0313647 0.0313654 0.0288177 0.1877043 0.1917526 
KY348642.1  0.0033150 0.0026499 0.0032500 0.0027201 0.0033878 0.0034544 0.0033819 0.0029820 0.0025905 0.0029221 0.0025844 0.0024534 0.0026499 0.0000000 0.0012342 0.0011714 0.0033173 0.0036507 0.0033148 0.0030454 0.0031120 0.0060277 0.0042578 0.0053055 0.0027815 0.0035156 0.0031120 0.0030460 0.0020029 0.0027204 0.0031119 0.0029163 0.0033176 0.0033149 0.0032479 0.0037233 0.0029180 0.0025862 0.0028470 0.0028534 0.0029859 0.0025844 0.0028495 0.0026498 0.0027815 0.0150602 0.0158091 0.0158078 0.0157336 0.0153099 0.0316024 0.0316031 0.0288632 0.1878127 0.1914321 
GU590993.1  0.0030418 0.0022533 0.0027136 0.0024522 0.0029809 0.0030467 0.0028437 0.0025809 0.0025847 0.0027836 0.0021886 0.0019308 0.0021240 0.0012342 0.0000000 0.0007949 0.0027798 0.0031082 0.0027777 0.0027746 0.0027095 0.0055896 0.0037063 0.0047376 0.0022535 0.0031078 0.0025786 0.0026443 0.0017418 0.0023222 0.0025785 0.0026468 0.0027801 0.0029095 0.0028434 0.0031790 0.0025174 0.0021902 0.0024479 0.0023232 0.0024535 0.0021887 0.0023200 0.0023830 0.0025134 0.0147078 0.0154532 0.0154519 0.0153779 0.0149563 0.0311904 0.0311910 0.0286460 0.1875623 0.1916118 
KY369152.2  0.0029756 0.0023181 0.0027793 0.0025175 0.0029147 0.0029806 0.0029098 0.0025157 0.0025194 0.0027178 0.0021242 0.0018667 0.0021887 0.0011714 0.0007949 0.0000000 0.0028458 0.0031747 0.0028437 0.0027094 0.0027751 0.0056603 0.0037739 0.0048068 0.0021887 0.0031741 0.0027753 0.0025790 0.0016780 0.0022573 0.0026437 0.0027124 0.0028461 0.0028437 0.0027777 0.0032458 0.0025828 0.0021256 0.0022532 0.0023883 0.0025188 0.0021241 0.0023851 0.0023182 0.0024482 0.0149548 0.0157024 0.0157011 0.0156270 0.0152040 0.0314754 0.0314761 0.0289261 0.1871058 0.1918095 
HQ914447.1  0.0031770 0.0023850 0.0029796 0.0024542 0.0032493 0.0033156 0.0029780 0.0027141 0.0027181 0.0026542 0.0020612 0.0019325 0.0021257 0.0033173 0.0027798 0.0028458 0.0000000 0.0018031 0.0014849 0.0029089 0.0027117 0.0058775 0.0038442 0.0046030 0.0025154 0.0031102 0.0029752 0.0027777 0.0029139 0.0025852 0.0023202 0.0026489 0.0021259 0.0023831 0.0023181 0.0032522 0.0025194 0.0021919 0.0023198 0.0028493 0.0028494 0.0023200 0.0025827 0.0022550 0.0023851 0.0152116 0.0157948 0.0157935 0.0157193 0.0154616 0.0322505 0.0322513 0.0294998 0.1884080 0.1920355 
KX440262.1  0.0035083 0.0028409 0.0029775 0.0028459 0.0035816 0.0036488 0.0031744 0.0031746 0.0029136 0.0028498 0.0025135 0.0023831 0.0025787 0.0036507 0.0031082 0.0031747 0.0018031 0.0000000 0.0014204 0.0032380 0.0031718 0.0063734 0.0043174 0.0052250 0.0028410 0.0035753 0.0033046 0.0029730 0.0032436 0.0027803 0.0029073 0.0029101 0.0025789 0.0025765 0.0026420 0.0037201 0.0029779 0.0025153 0.0026440 0.0030457 0.0030458 0.0026443 0.0027776 0.0025787 0.0027099 0.0155338 0.0161191 0.0161178 0.0160436 0.0157848 0.0322384 0.0322391 0.0298642 0.1882818 0.1912464 
KX440275.1  0.0031746 0.0023831 0.0027794 0.0023871 0.0032468 0.0034470 0.0029753 0.0028436 0.0027160 0.0025211 0.0021887 0.0019310 0.0021240 0.0033148 0.0027777 0.0028437 0.0014849 0.0014204 0.0000000 0.0029066 0.0027096 0.0060157 0.0039767 0.0047377 0.0023833 0.0032408 0.0031050 0.0026440 0.0029117 0.0024525 0.0024484 0.0025813 0.0022534 0.0022513 0.0023163 0.0032497 0.0025175 0.0021902 0.0023180 0.0029793 0.0029794 0.0024482 0.0027118 0.0022533 0.0023832 0.0151203 0.0157028 0.0157015 0.0156274 0.0153701 0.0319532 0.0319539 0.0295836 0.1880779 0.1923604 
KT698008.1  0.0033045 0.0026414 0.0028424 0.0025804 0.0033771 0.0035777 0.0033713 0.0031050 0.0025822 0.0026495 0.0021865 0.0020575 0.0022511 0.0030454 0.0027746 0.0027094 0.0029089 0.0032380 0.0029066 0.0000000 0.0011686 0.0058677 0.0041085 0.0051498 0.0026416 0.0033708 0.0031021 0.0030363 0.0027770 0.0024501 0.0027071 0.0027754 0.0029091 0.0029067 0.0028406 0.0028485 0.0023847 0.0023175 0.0024455 0.0027127 0.0029764 0.0025761 0.0027091 0.0022510 0.0023809 0.0153567 0.0159406 0.0159393 0.0158651 0.0156071 0.0323165 0.0323172 0.0297533 0.1884107 0.1933558 
HQ189135.1  0.0028410 0.0023159 0.0027767 0.0022549 0.0033104 0.0035109 0.0031718 0.0030390 0.0023866 0.0024533 0.0018653 0.0017375 0.0019293 0.0031120 0.0027095 0.0027751 0.0027117 0.0031718 0.0027096 0.0011686 0.0000000 0.0056552 0.0037704 0.0048024 0.0024460 0.0030386 0.0030362 0.0029705 0.0028431 0.0022552 0.0022515 0.0024484 0.0024503 0.0025787 0.0025132 0.0025203 0.0020610 0.0021236 0.0022511 0.0025164 0.0027786 0.0022512 0.0025131 0.0021866 0.0023161 0.0149436 0.0155247 0.0155234 0.0154494 0.0151928 0.0316487 0.0316494 0.0290970 0.1886351 0.1931425 
FJ713601.1  0.0060150 0.0053024 0.0060905 0.0053117 0.0056693 0.0054573 0.0056608 0.0055187 0.0056673 0.0058843 0.0052332 0.0050931 0.0053032 0.0060277 0.0055896 0.0056603 0.0058775 0.0063734 0.0060157 0.0058677 0.0056552 0.0000000 0.0047452 0.0062346 0.0048838 0.0051729 0.0052332 0.0053742 0.0057353 0.0055233 0.0057977 0.0055903 0.0055943 0.0060158 0.0059441 0.0061669 0.0057348 0.0052367 0.0056550 0.0054605 0.0057438 0.0050931 0.0053777 0.0053031 0.0053033 0.0145721 0.0154827 0.0154814 0.0154074 0.0149854 0.0311190 0.0311197 0.0292167 0.1877481 0.1943230 
KR135883.1  0.0041127 0.0031685 0.0040470 0.0034405 0.0036456 0.0037125 0.0035051 0.0035049 0.0039144 0.0038493 0.0031022 0.0031021 0.0033014 0.0042578 0.0037063 0.0037739 0.0038442 0.0043174 0.0039767 0.0041085 0.0037704 0.0047452 0.0000000 0.0032405 0.0029042 0.0031048 0.0035017 0.0034352 0.0038441 0.0035079 0.0036361 0.0037069 0.0037095 0.0039767 0.0039087 0.0044657 0.0037090 0.0033704 0.0036355 0.0037783 0.0039137 0.0032350 0.0036387 0.0034347 0.0035689 0.0142047 0.0147806 0.0147793 0.0147056 0.0144515 0.0315530 0.0315537 0.0290028 0.1861804 0.1908520 
KR135861.1  0.0050849 0.0044577 0.0050878 0.0046720 0.0048151 0.0050233 0.0043936 0.0043924 0.0049524 0.0048858 0.0041161 0.0041159 0.0043208 0.0053055 0.0047376 0.0048068 0.0046030 0.0052250 0.0047377 0.0051498 0.0048024 0.0062346 0.0032405 0.0000000 0.0037771 0.0041192 0.0046645 0.0044585 0.0047411 0.0043967 0.0046649 0.0048767 0.0050195 0.0051548 0.0050847 0.0055192 0.0047407 0.0043923 0.0046640 0.0048121 0.0046739 0.0041159 0.0045303 0.0045954 0.0047335 0.0151287 0.0157114 0.0157101 0.0156360 0.0153786 0.0324419 0.0326343 0.0297818 0.1868984 0.1909375 
KT819263.1  0.0027751 0.0019933 0.0027112 0.0021903 0.0023222 0.0025177 0.0023185 0.0020597 0.0024517 0.0023883 0.0019294 0.0016739 0.0018653 0.0027815 0.0022535 0.0021887 0.0025154 0.0028410 0.0023833 0.0026416 0.0024460 0.0048838 0.0029042 0.0037771 0.0000000 0.0023180 0.0021868 0.0019938 0.0023850 0.0019327 0.0023164 0.0025137 0.0025157 0.0026442 0.0025787 0.0029811 0.0023849 0.0019308 0.0021866 0.0024513 0.0025820 0.0020578 0.0024481 0.0019935 0.0021223 0.0140409 0.0146156 0.0146144 0.0145407 0.0142872 0.0307921 0.0307928 0.0284416 0.1872458 0.1909866 
KM986608.1  0.0032407 0.0024479 0.0035771 0.0029114 0.0031798 0.0032461 0.0027777 0.0026462 0.0031788 0.0029815 0.0026439 0.0025131 0.0027093 0.0035156 0.0031078 0.0031741 0.0031102 0.0035753 0.0032408 0.0033708 0.0030386 0.0051729 0.0031048 0.0041192 0.0023180 0.0000000 0.0027750 0.0027097 0.0029776 0.0029116 0.0030390 0.0028436 0.0032435 0.0035081 0.0033072 0.0034503 0.0029773 0.0026457 0.0029064 0.0031779 0.0033114 0.0027749 0.0031739 0.0027093 0.0028408 0.0138062 0.0143794 0.0143782 0.0143046 0.0140519 0.0310912 0.0312818 0.0285485 0.1859595 0.1902839 
KM986625.1  0.0035053 0.0027071 0.0031735 0.0029091 0.0023874 0.0024523 0.0022533 0.0022533 0.0030434 0.0031118 0.0025111 0.0022512 0.0025762 0.0031120 0.0025786 0.0027753 0.0029752 0.0033046 0.0031050 0.0031021 0.0030362 0.0052332 0.0035017 0.0046645 0.0021868 0.0027750 0.0000000 0.0021868 0.0028431 0.0027776 0.0030365 0.0029733 0.0031077 0.0033712 0.0033045 0.0037165 0.0029750 0.0026435 0.0029040 0.0027787 0.0029106 0.0026417 0.0027749 0.0027070 0.0028386 0.0144513 0.0150290 0.0150278 0.0149539 0.0146990 0.0317464 0.0317471 0.0290054 0.1880622 0.1929969 
KY686209.1  0.0029073 0.0023812 0.0029089 0.0026463 0.0021929 0.0023874 0.0019311 0.0018031 0.0028454 0.0027815 0.0023163 0.0021868 0.0023812 0.0030460 0.0026443 0.0025790 0.0027777 0.0029730 0.0026440 0.0030363 0.0029705 0.0053742 0.0034352 0.0044585 0.0019938 0.0027097 0.0021868 0.0000000 0.0025155 0.0024505 0.0028390 0.0028417 0.0030418 0.0029068 0.0029731 0.0035149 0.0026463 0.0021884 0.0024460 0.0028449 0.0029770 0.0023164 0.0028410 0.0023811 0.0025115 0.0144531 0.0150309 0.0150296 0.0149558 0.0147008 0.0313694 0.0313701 0.0290092 0.1868016 0.1914953 
KM986616.1  0.0030441 0.0023849 0.0028474 0.0023238 0.0029831 0.0031821 0.0029779 0.0027140 0.0025867 0.0027858 0.0021903 0.0020609 0.0021903 0.0020029 0.0017418 0.0016780 0.0029139 0.0032436 0.0029117 0.0027770 0.0028431 0.0057353 0.0038441 0.0047411 0.0023850 0.0029776 0.0028431 0.0025155 0.0000000 0.0023240 0.0027115 0.0027802 0.0029142 0.0029117 0.0028455 0.0033859 0.0025193 0.0021918 0.0024498 0.0025862 0.0027175 0.0021903 0.0024520 0.0023848 0.0025154 0.0152111 0.0157943 0.0157930 0.0157188 0.0154611 0.0310108 0.0310115 0.0286562 0.1891919 0.1926060 
JN084084.1  0.0025832 0.0019326 0.0023886 0.0021294 0.0027850 0.0029831 0.0027803 0.0025178 0.0022607 0.0021972 0.0017406 0.0016131 0.0018045 0.0027204 0.0023222 0.0022573 0.0025852 0.0027803 0.0024525 0.0024501 0.0022552 0.0055233 0.0035079 0.0043967 0.0019327 0.0029116 0.0027776 0.0024505 0.0023240 0.0000000 0.0022555 0.0024527 0.0024546 0.0024525 0.0023872 0.0027877 0.0021940 0.0017419 0.0019968 0.0022601 0.0023903 0.0018685 0.0022571 0.0019327 0.0020614 0.0146343 0.0152136 0.0152123 0.0151384 0.0148827 0.0314878 0.0314885 0.0291255 0.1877660 0.1909446 
KY303770.1  0.0028414 0.0021869 0.0026458 0.0021259 0.0031776 0.0033772 0.0030394 0.0029071 0.0023868 0.0024537 0.0017377 0.0016102 0.0018014 0.0031119 0.0025785 0.0026437 0.0023202 0.0029073 0.0024484 0.0027071 0.0022515 0.0057977 0.0036361 0.0046649 0.0023164 0.0030390 0.0030365 0.0028390 0.0027115 0.0022555 0.0000000 0.0024487 0.0023204 0.0024484 0.0023832 0.0027830 0.0021905 0.0019950 0.0021221 0.0025167 0.0026477 0.0022515 0.0025133 0.0023162 0.0024463 0.0149460 0.0155272 0.0155259 0.0154519 0.0151952 0.0312735 0.0312742 0.0289148 0.1864195 0.1893581 
KY686210.1  0.0029099 0.0021243 0.0025826 0.0020631 0.0032471 0.0031802 0.0029101 0.0029760 0.0023241 0.0023907 0.0020599 0.0018032 0.0019955 0.0029163 0.0026468 0.0027124 0.0026489 0.0029101 0.0025813 0.0027754 0.0024484 0.0055903 0.0037069 0.0048767 0.0025137 0.0028436 0.0029733 0.0028417 0.0027802 0.0024527 0.0024487 0.0000000 0.0025182 0.0025814 0.0025813 0.0029142 0.0025177 0.0021905 0.0023183 0.0027157 0.0028475 0.0023184 0.0025811 0.0023834 0.0025137 0.0147085 0.0154540 0.0154527 0.0153787 0.0149581 0.0309778 0.0309784 0.0282509 0.1874390 0.1914886 
JF837819.1  0.0030445 0.0023852 0.0027160 0.0021942 0.0033833 0.0034499 0.0033773 0.0031107 0.0025870 0.0026544 0.0020614 0.0018045 0.0019970 0.0033176 0.0027801 0.0028461 0.0021259 0.0025789 0.0022534 0.0029091 0.0024503 0.0055943 0.0037095 0.0050195 0.0025157 0.0032435 0.0031077 0.0030418 0.0029142 0.0024546 0.0023204 0.0025182 0.0000000 0.0009822 0.0009199 0.0029862 0.0025196 0.0021921 0.0023200 0.0025865 0.0027179 0.0021906 0.0023221 0.0023851 0.0025157 0.0152130 0.0157963 0.0157950 0.0157208 0.0154631 0.0311101 0.0311107 0.0285667 0.1888716 0.1922833 
KX440315.1  0.0030419 0.0025134 0.0026480 0.0023871 0.0033805 0.0035813 0.0032408 0.0031081 0.0025848 0.0026522 0.0020597 0.0019310 0.0021241 0.0033149 0.0029095 0.0028437 0.0023831 0.0025765 0.0022513 0.0029067 0.0025787 0.0060158 0.0039767 0.0051548 0.0026442 0.0035081 0.0033712 0.0029068 0.0029117 0.0024525 0.0024484 0.0025814 0.0009822 0.0000000 0.0005482 0.0032498 0.0026484 0.0021902 0.0023180 0.0027155 0.0028473 0.0024482 0.0025808 0.0023831 0.0025135 0.0152859 0.0158696 0.0158683 0.0157941 0.0155362 0.0317626 0.0317633 0.0293960 0.1872159 0.1923649 
JN419195.1  0.0028436 0.0023181 0.0027793 0.0023870 0.0033134 0.0035139 0.0031745 0.0029094 0.0023887 0.0024556 0.0019952 0.0018668 0.0020595 0.0032479 0.0028434 0.0027777 0.0023181 0.0026420 0.0023163 0.0028406 0.0025132 0.0059441 0.0039087 0.0050847 0.0025787 0.0033072 0.0033045 0.0029731 0.0028455 0.0023872 0.0023832 0.0025813 0.0009199 0.0005482 0.0000000 0.0030499 0.0025828 0.0021255 0.0022531 0.0026497 0.0027812 0.0023831 0.0025153 0.0021885 0.0023182 0.0152850 0.0158686 0.0158673 0.0157931 0.0155352 0.0312842 0.0312849 0.0291126 0.1876326 0.1914622 
KT698006.1  0.0035178 0.0027170 0.0030467 0.0025203 0.0037265 0.0039927 0.0037200 0.0034504 0.0029842 0.0029900 0.0025203 0.0022595 0.0024549 0.0037233 0.0031790 0.0032458 0.0032522 0.0037201 0.0032497 0.0028485 0.0025203 0.0061669 0.0044657 0.0055192 0.0029811 0.0034503 0.0037165 0.0035149 0.0033859 0.0027877 0.0027830 0.0029142 0.0029862 0.0032498 0.0030499 0.0000000 0.0023284 0.0026531 0.0027202 0.0033206 0.0034548 0.0027829 0.0029123 0.0029808 0.0031138 0.0151805 0.0158578 0.0158565 0.0157824 0.0155230 0.0314557 0.0314564 0.0288008 0.1892316 0.1930955 
HM804485.1  0.0029116 0.0021255 0.0027155 0.0020645 0.0031157 0.0033155 0.0029779 0.0027140 0.0023254 0.0023921 0.0019325 0.0016765 0.0018683 0.0029180 0.0025174 0.0025828 0.0025194 0.0029779 0.0025175 0.0023847 0.0020610 0.0057348 0.0037090 0.0047407 0.0023849 0.0029773 0.0029750 0.0026463 0.0025193 0.0021940 0.0021905 0.0025177 0.0025196 0.0026484 0.0025828 0.0023284 0.0000000 0.0019338 0.0020610 0.0027173 0.0028491 0.0021902 0.0024520 0.0022549 0.0023849 0.0148794 0.0154603 0.0154590 0.0153850 0.0151285 0.0313882 0.0313889 0.0290276 0.1875970 0.1907645 
JF343123.1  0.0023199 0.0016750 0.0022563 0.0018697 0.0025197 0.0027160 0.0025152 0.0022549 0.0019997 0.0018082 0.0011069 0.0009819 0.0011695 0.0025862 0.0021902 0.0021256 0.0021919 0.0025153 0.0021902 0.0023175 0.0021236 0.0052367 0.0033704 0.0043923 0.0019308 0.0026457 0.0026435 0.0021884 0.0021918 0.0017419 0.0019950 0.0021905 0.0021921 0.0021902 0.0021255 0.0026531 0.0019338 0.0000000 0.0007335 0.0021283 0.0022579 0.0017388 0.0021254 0.0018025 0.0019308 0.0147870 0.0153671 0.0153658 0.0152918 0.0150357 0.0316593 0.0316600 0.0292946 0.1884484 0.1920721 
KY496869.1  0.0025785 0.0019291 0.0023223 0.0019349 0.0027800 0.0029775 0.0027751 0.0025131 0.0021270 0.0019351 0.0012312 0.0011059 0.0012941 0.0028470 0.0024479 0.0022532 0.0023198 0.0026440 0.0023180 0.0024455 0.0022511 0.0056550 0.0036355 0.0046640 0.0021866 0.0029064 0.0029040 0.0024460 0.0024498 0.0019968 0.0021221 0.0023183 0.0023200 0.0023180 0.0022531 0.0027202 0.0020610 0.0007335 0.0000000 0.0023859 0.0025164 0.0019933 0.0021911 0.0019291 0.0020577 0.0150370 0.0156188 0.0156175 0.0155435 0.0152865 0.0319479 0.0319486 0.0293910 0.1889790 0.1921658 
KU508374.1  0.0028471 0.0023210 0.0026512 0.0025206 0.0031839 0.0032503 0.0030457 0.0029131 0.0026537 0.0027211 0.0021268 0.0019978 0.0021914 0.0028534 0.0023232 0.0023883 0.0028493 0.0030457 0.0029793 0.0027127 0.0025164 0.0054605 0.0037783 0.0048121 0.0024513 0.0031779 0.0027787 0.0028449 0.0025862 0.0022601 0.0025167 0.0027157 0.0025865 0.0027155 0.0026497 0.0033206 0.0027173 0.0021283 0.0023859 0.0000000 0.0007331 0.0021267 0.0021285 0.0024512 0.0025819 0.0149655 0.0155470 0.0155457 0.0154717 0.0152148 0.0320603 0.0320610 0.0295009 0.1892269 0.1918975 
KY934478.1  0.0028472 0.0024512 0.0027828 0.0026518 0.0030509 0.0033842 0.0030458 0.0029132 0.0027854 0.0028531 0.0022563 0.0021268 0.0023212 0.0029859 0.0024535 0.0025188 0.0028494 0.0030458 0.0029794 0.0029764 0.0027786 0.0057438 0.0039137 0.0046739 0.0025820 0.0033114 0.0029106 0.0029770 0.0027175 0.0023903 0.0026477 0.0028475 0.0027179 0.0028473 0.0027812 0.0034548 0.0028491 0.0022579 0.0025164 0.0007331 0.0000000 0.0021268 0.0021286 0.0025819 0.0027131 0.0149661 0.0155476 0.0155463 0.0154722 0.0152154 0.0322528 0.0322535 0.0296899 0.1879343 0.1905908 
HM453712.1  0.0024482 0.0019292 0.0023844 0.0019967 0.0027801 0.0028458 0.0027754 0.0023831 0.0022567 0.0023231 0.0017376 0.0016102 0.0018013 0.0025844 0.0021887 0.0021241 0.0023200 0.0026443 0.0024482 0.0025761 0.0022512 0.0050931 0.0032350 0.0041159 0.0020578 0.0027749 0.0026417 0.0023164 0.0021903 0.0018685 0.0022515 0.0023184 0.0021906 0.0024482 0.0023831 0.0027829 0.0021902 0.0017388 0.0019933 0.0021267 0.0021268 0.0000000 0.0011070 0.0020577 0.0021867 0.0146148 0.0151936 0.0151923 0.0151184 0.0148629 0.0312688 0.0312695 0.0285367 0.1879136 0.1908649 
HM448049.1  0.0028434 0.0023180 0.0022527 0.0021238 0.0031799 0.0032460 0.0030416 0.0027775 0.0025191 0.0024555 0.0019951 0.0018667 0.0020594 0.0028495 0.0023200 0.0023851 0.0025827 0.0027776 0.0027118 0.0027091 0.0025131 0.0053777 0.0036387 0.0045303 0.0024481 0.0031739 0.0027749 0.0028410 0.0024520 0.0022571 0.0025133 0.0025811 0.0023221 0.0025808 0.0025153 0.0029123 0.0024520 0.0021254 0.0021911 0.0021285 0.0021286 0.0011070 0.0000000 0.0023179 0.0024481 0.0144416 0.0151842 0.0151829 0.0151091 0.0148536 0.0308762 0.0308769 0.0281518 0.1884837 0.1910065 
KU521494.1  0.0026441 0.0019934 0.0025801 0.0021903 0.0028460 0.0030439 0.0027096 0.0024481 0.0021918 0.0021286 0.0018013 0.0016737 0.0018652 0.0026498 0.0023830 0.0023182 0.0022550 0.0025787 0.0022533 0.0022510 0.0021866 0.0053031 0.0034347 0.0045954 0.0019935 0.0027093 0.0027070 0.0023811 0.0023848 0.0019327 0.0023162 0.0023834 0.0023851 0.0023831 0.0021885 0.0029808 0.0022549 0.0018025 0.0019291 0.0024512 0.0025819 0.0020577 0.0023179 0.0000000 0.0001206 0.0146970 0.0152764 0.0152751 0.0152012 0.0149454 0.0311741 0.0311748 0.0288172 0.1876982 0.1921869 
KU521491.1  0.0027754 0.0021221 0.0027112 0.0023199 0.0029782 0.0031770 0.0028413 0.0025788 0.0023217 0.0022583 0.0019294 0.0018014 0.0019935 0.0027815 0.0025134 0.0024482 0.0023851 0.0027099 0.0023832 0.0023809 0.0023161 0.0053033 0.0035689 0.0047335 0.0021223 0.0028408 0.0028386 0.0025115 0.0025154 0.0020614 0.0024463 0.0025137 0.0025157 0.0025135 0.0023182 0.0031138 0.0023849 0.0019308 0.0020577 0.0025819 0.0027131 0.0021867 0.0024481 0.0001206 0.0000000 0.0145333 0.0151115 0.0151103 0.0150364 0.0147811 0.0309854 0.0309861 0.0286315 0.1874899 0.1917574 
KX198087.1  0.0153667 0.0140399 0.0149441 0.0142896 0.0149738 0.0150568 0.0142169 0.0144610 0.0146387 0.0148931 0.0141242 0.0142869 0.0145331 0.0150602 0.0147078 0.0149548 0.0152116 0.0155338 0.0151203 0.0153567 0.0149436 0.0145721 0.0142047 0.0151287 0.0140409 0.0138062 0.0144513 0.0144531 0.0152111 0.0146343 0.0149460 0.0147085 0.0152130 0.0152859 0.0152850 0.0151805 0.0148794 0.0147870 0.0150370 0.0149655 0.0149661 0.0146148 0.0144416 0.0146970 0.0145333 0.0000000 0.0007949 0.0007948 0.0007953 0.0006719 0.0295267 0.0295274 0.0274603 0.1825926 0.1858357 
KX198086.1  0.0159509 0.0146146 0.0155254 0.0148664 0.0155556 0.0158056 0.0147932 0.0150389 0.0153837 0.0154743 0.0146996 0.0148634 0.0151113 0.0158091 0.0154532 0.0157024 0.0157948 0.0161191 0.0157028 0.0159406 0.0155247 0.0154827 0.0147806 0.0157114 0.0146156 0.0143794 0.0150290 0.0150309 0.0157943 0.0152136 0.0155272 0.0154540 0.0157963 0.0158696 0.0158686 0.0158578 0.0154603 0.0153671 0.0156188 0.0155470 0.0155476 0.0151936 0.0151842 0.0152764 0.0151115 0.0007949 0.0000000 0.0000010 0.0000010 0.0008577 0.0307567 0.0307574 0.0286722 0.1834816 0.1871694 
KX198085.1  0.0159495 0.0146134 0.0155241 0.0148651 0.0155543 0.0158043 0.0147919 0.0150377 0.0153824 0.0154730 0.0146984 0.0148621 0.0151101 0.0158078 0.0154519 0.0157011 0.0157935 0.0161178 0.0157015 0.0159393 0.0155234 0.0154814 0.0147793 0.0157101 0.0146144 0.0143782 0.0150278 0.0150296 0.0157930 0.0152123 0.0155259 0.0154527 0.0157950 0.0158683 0.0158673 0.0158565 0.0154590 0.0153658 0.0156175 0.0155457 0.0155463 0.0151923 0.0151829 0.0152751 0.0151103 0.0007948 0.0000010 0.0000000 0.0000010 0.0008577 0.0307541 0.0307547 0.0286697 0.1834573 0.1871445 
KX198084.1  0.0158754 0.0145397 0.0154501 0.0147913 0.0154802 0.0157301 0.0147182 0.0149638 0.0153084 0.0153990 0.0146247 0.0147884 0.0150362 0.0157336 0.0153779 0.0156270 0.0157193 0.0160436 0.0156274 0.0158651 0.0154494 0.0154074 0.0147056 0.0156360 0.0145407 0.0143046 0.0149539 0.0149558 0.0157188 0.0151384 0.0154519 0.0153787 0.0157208 0.0157941 0.0157931 0.0157824 0.0153850 0.0152918 0.0155435 0.0154717 0.0154722 0.0151184 0.0151091 0.0152012 0.0150364 0.0007953 0.0000010 0.0000010 0.0000000 0.0008581 0.0306778 0.0306785 0.0285935 0.1836185 0.1873102 
KX198088.1  0.0156172 0.0144500 0.0151943 0.0145378 0.0150577 0.0151408 0.0144639 0.0146263 0.0148871 0.0151423 0.0143709 0.0145340 0.0147810 0.0153099 0.0149563 0.0152040 0.0154616 0.0157848 0.0153701 0.0156071 0.0151928 0.0149854 0.0144515 0.0153786 0.0142872 0.0140519 0.0146990 0.0147008 0.0154611 0.0148827 0.0151952 0.0149581 0.0154631 0.0155362 0.0155352 0.0155230 0.0151285 0.0150357 0.0152865 0.0152148 0.0152154 0.0148629 0.0148536 0.0149454 0.0147811 0.0006719 0.0008577 0.0008577 0.0008581 0.0000000 0.0303885 0.0303892 0.0283112 0.1819994 0.1858778 
FN673705.1  0.0325229 0.0315497 0.0318501 0.0305258 0.0322642 0.0323623 0.0318599 0.0314747 0.0313843 0.0318701 0.0312705 0.0310787 0.0313647 0.0316024 0.0311904 0.0314754 0.0322505 0.0322384 0.0319532 0.0323165 0.0316487 0.0311190 0.0315530 0.0324419 0.0307921 0.0310912 0.0317464 0.0313694 0.0310108 0.0314878 0.0312735 0.0309778 0.0311101 0.0317626 0.0312842 0.0314557 0.0313882 0.0316593 0.0319479 0.0320603 0.0322528 0.0312688 0.0308762 0.0311741 0.0309854 0.0295267 0.0307567 0.0307541 0.0306778 0.0303885 0.0000000 0.0001205 0.0056477 0.1905965 0.1918431 
FR695060.1  0.0325236 0.0315504 0.0318508 0.0305265 0.0322649 0.0323630 0.0318606 0.0314754 0.0313850 0.0318708 0.0312712 0.0310794 0.0313654 0.0316031 0.0311910 0.0314761 0.0322513 0.0322391 0.0319539 0.0323172 0.0316494 0.0311197 0.0315537 0.0326343 0.0307928 0.0312818 0.0317471 0.0313701 0.0310115 0.0314885 0.0312742 0.0309784 0.0311107 0.0317633 0.0312849 0.0314564 0.0313889 0.0316600 0.0319486 0.0320610 0.0322535 0.0312695 0.0308769 0.0311748 0.0309861 0.0295274 0.0307574 0.0307547 0.0306785 0.0303892 0.0001205 0.0000000 0.0055068 0.1906019 0.1918485 
KT780370.1  0.0295794 0.0289999 0.0292935 0.0279917 0.0295130 0.0296091 0.0291163 0.0285519 0.0288365 0.0295016 0.0285384 0.0285368 0.0288177 0.0288632 0.0286460 0.0289261 0.0294998 0.0298642 0.0295836 0.0297533 0.0290970 0.0292167 0.0290028 0.0297818 0.0284416 0.0285485 0.0290054 0.0290092 0.0286562 0.0291255 0.0289148 0.0282509 0.0285667 0.0293960 0.0291126 0.0288008 0.0290276 0.0292946 0.0293910 0.0295009 0.0296899 0.0285367 0.0281518 0.0288172 0.0286315 0.0274603 0.0286722 0.0286697 0.0285935 0.0283112 0.0056477 0.0055068 0.0000000 0.1912190 0.1918661 
D38116.1    0.1884797 0.1872306 0.1878014 0.1868495 0.1893463 0.1903463 0.1871520 0.1869047 0.1874599 0.1882083 0.1870640 0.1868105 0.1877043 0.1878127 0.1875623 0.1871058 0.1884080 0.1882818 0.1880779 0.1884107 0.1886351 0.1877481 0.1861804 0.1868984 0.1872458 0.1859595 0.1880622 0.1868016 0.1891919 0.1877660 0.1864195 0.1874390 0.1888716 0.1872159 0.1876326 0.1892316 0.1875970 0.1884484 0.1889790 0.1892269 0.1879343 0.1879136 0.1884837 0.1876982 0.1874899 0.1825926 0.1834816 0.1834573 0.1836185 0.1819994 0.1905965 0.1906019 0.1912190 0.0000000 0.0629073 
NC_001643.1 0.1918817 0.1906112 0.1925179 0.1904101 0.1925478 0.1934252 0.1914168 0.1905047 0.1899715 0.1909533 0.1902260 0.1906275 0.1917526 0.1914321 0.1916118 0.1918095 0.1920355 0.1912464 0.1923604 0.1933558 0.1931425 0.1943230 0.1908520 0.1909375 0.1909866 0.1902839 0.1929969 0.1914953 0.1926060 0.1909446 0.1893581 0.1914886 0.1922833 0.1923649 0.1914622 0.1930955 0.1907645 0.1920721 0.1921658 0.1918975 0.1905908 0.1908649 0.1910065 0.1921869 0.1917574 0.1858357 0.1871694 0.1871445 0.1873102 0.1858778 0.1918431 0.1918485 0.1918661 0.0629073 0.0000000 
