53
JQ247408.1 0.0000000 0.0013677 0.0032913 0.0028838 0.0035728 0.0037802 0.0031521 0.0030171 0.0030181 0.0028170 0.0023426 0.0023440 0.0025442 0.0033601 0.0030831 0.0030150 0.0032246 0.0035615 0.0032217 0.0033538 0.0028786 0.0061585 0.0041795 0.0051898 0.0028097 0.0032857 0.0035573 0.0029469 0.0030878 0.0026135 0.0028791 0.0029519 0.0030894 0.0030844 0.0028798 0.0035709 0.0029513 0.0023455 0.0026091 0.0028818 0.0028806 0.0024773 0.0028822 0.0026758 0.0028100 0.0159069 0.0165169 0.0165152 0.0164386 0.0161706 0.0342435 0.0342475 0.0310546 
KX459697.1 0.0013677 0.0000000 0.0026112 0.0019505 0.0027513 0.0029534 0.0026094 0.0023434 0.0023444 0.0021476 0.0016868 0.0015579 0.0017521 0.0026782 0.0022755 0.0023418 0.0024122 0.0028759 0.0024099 0.0026733 0.0023403 0.0054181 0.0032099 0.0045405 0.0020105 0.0024740 0.0027377 0.0024071 0.0024121 0.0019492 0.0022093 0.0021472 0.0024123 0.0025417 0.0023412 0.0027485 0.0021466 0.0016882 0.0019460 0.0023429 0.0024750 0.0019467 0.0023432 0.0020112 0.0021421 0.0145164 0.0151156 0.0151140 0.0150380 0.0149456 0.0331640 0.0331678 0.0304180 
KP172434.1 0.0032913 0.0026112 0.0000000 0.0017516 0.0035072 0.0037139 0.0031563 0.0032249 0.0026826 0.0027521 0.0021462 0.0020159 0.0022138 0.0032931 0.0027481 0.0028144 0.0030226 0.0030173 0.0028162 0.0028794 0.0028125 0.0062370 0.0041145 0.0051960 0.0027452 0.0036339 0.0032180 0.0029484 0.0028865 0.0024162 0.0026794 0.0026154 0.0027514 0.0026795 0.0028137 0.0030848 0.0027509 0.0022814 0.0023452 0.0026819 0.0028157 0.0024118 0.0022756 0.0026112 0.0027452 0.0154588 0.0160654 0.0160637 0.0159873 0.0157219 0.0334838 0.0334876 0.0307292 
JF499899.1 0.0028838 0.0019505 0.0017516 0.0000000 0.0029609 0.0031643 0.0030203 0.0028181 0.0021503 0.0022193 0.0016254 0.0014966 0.0016906 0.0027511 0.0024799 0.0025468 0.0024839 0.0028820 0.0024148 0.0026115 0.0022787 0.0054301 0.0034904 0.0047641 0.0022126 0.0029506 0.0029460 0.0026798 0.0023514 0.0021508 0.0021477 0.0020854 0.0022176 0.0024131 0.0024125 0.0025458 0.0020849 0.0018872 0.0019505 0.0025480 0.0026812 0.0020162 0.0021438 0.0022130 0.0023452 0.0147742 0.0153757 0.0153741 0.0152979 0.0150350 0.0320435 0.0320471 0.0293232 
KP017255.1 0.0035728 0.0027513 0.0035072 0.0029609 0.0000000 0.0013038 0.0024210 0.0021557 0.0032313 0.0031654 0.0025505 0.0025509 0.0027530 0.0034395 0.0030256 0.0029575 0.0033034 0.0036417 0.0033003 0.0034330 0.0033634 0.0058076 0.0037059 0.0049183 0.0023508 0.0032298 0.0024166 0.0022194 0.0030303 0.0028232 0.0032279 0.0033021 0.0034403 0.0034348 0.0033650 0.0037909 0.0031655 0.0025526 0.0028185 0.0032295 0.0030914 0.0028193 0.0032300 0.0028870 0.0030225 0.0155067 0.0161142 0.0161125 0.0160360 0.0155950 0.0339827 0.0339866 0.0310091 
JF811749.1 0.0037802 0.0029534 0.0037139 0.0031643 0.0013038 0.0000000 0.0027557 0.0024206 0.0033000 0.0033702 0.0027509 0.0027513 0.0029547 0.0035082 0.0030935 0.0030254 0.0033705 0.0037097 0.0035056 0.0036388 0.0035690 0.0055868 0.0037736 0.0051331 0.0025503 0.0032969 0.0024820 0.0024177 0.0032340 0.0030257 0.0034325 0.0032331 0.0035076 0.0036407 0.0035705 0.0040688 0.0033703 0.0027531 0.0030205 0.0032966 0.0034332 0.0028856 0.0032969 0.0030895 0.0032260 0.0155942 0.0163758 0.0163741 0.0162975 0.0156826 0.0340922 0.0340962 0.0311101 
KP172432.1 0.0031521 0.0026094 0.0031563 0.0030203 0.0024210 0.0027557 0.0000000 0.0013658 0.0032239 0.0030215 0.0024107 0.0025446 0.0027462 0.0034311 0.0028837 0.0029504 0.0030229 0.0032208 0.0030185 0.0034247 0.0032183 0.0057955 0.0035585 0.0044811 0.0023454 0.0028139 0.0022776 0.0019503 0.0030229 0.0028164 0.0030834 0.0029526 0.0034318 0.0032885 0.0032196 0.0037803 0.0030215 0.0025463 0.0028116 0.0030865 0.0030853 0.0028125 0.0030868 0.0027449 0.0028796 0.0147077 0.0153088 0.0153072 0.0152310 0.0149674 0.0335221 0.0335260 0.0305581 
JN084079.1 0.0030171 0.0023434 0.0032249 0.0028181 0.0021557 0.0024206 0.0013658 0.0000000 0.0029523 0.0026178 0.0022787 0.0022791 0.0024789 0.0030224 0.0026150 0.0025480 0.0027528 0.0032211 0.0028842 0.0031517 0.0030831 0.0056484 0.0035585 0.0044811 0.0020816 0.0026802 0.0022775 0.0018203 0.0027527 0.0025482 0.0029487 0.0030207 0.0031584 0.0031532 0.0029482 0.0035038 0.0027514 0.0022806 0.0025438 0.0029503 0.0029492 0.0024111 0.0028151 0.0024777 0.0026112 0.0149654 0.0155684 0.0155668 0.0154905 0.0151393 0.0330983 0.0331021 0.0299514 
HQ259121.1 0.0030181 0.0023444 0.0026826 0.0021503 0.0032313 0.0033000 0.0032239 0.0029523 0.0000000 0.0018187 0.0018839 0.0017547 0.0019507 0.0026163 0.0026139 0.0025469 0.0027516 0.0029494 0.0027490 0.0026103 0.0024106 0.0057934 0.0039729 0.0050499 0.0024772 0.0032208 0.0030805 0.0028810 0.0026168 0.0022824 0.0024119 0.0023496 0.0026170 0.0026127 0.0024114 0.0030248 0.0023491 0.0020175 0.0021463 0.0026812 0.0028150 0.0022794 0.0025471 0.0022120 0.0023442 0.0151396 0.0159165 0.0159148 0.0158385 0.0154008 0.0329965 0.0330003 0.0302570 
KU521454.1 0.0028170 0.0021476 0.0027521 0.0022193 0.0031654 0.0033702 0.0030215 0.0026178 0.0018187 0.0000000 0.0019509 0.0018213 0.0020179 0.0029554 0.0028170 0.0027495 0.0026863 0.0028830 0.0025494 0.0026796 0.0024791 0.0060184 0.0039062 0.0049813 0.0024126 0.0030183 0.0031512 0.0028156 0.0028214 0.0022178 0.0024807 0.0024170 0.0026865 0.0026820 0.0024801 0.0030267 0.0024176 0.0018225 0.0019507 0.0027506 0.0028848 0.0023476 0.0024834 0.0021477 0.0022796 0.0154027 0.0160092 0.0160076 0.0159311 0.0156649 0.0335257 0.0335296 0.0309749 
KY934476.1 0.0023426 0.0016868 0.0021462 0.0016254 0.0025505 0.0027509 0.0024107 0.0022787 0.0018839 0.0019509 0.0000000 0.0006114 0.0010491 0.0026106 0.0022099 0.0021440 0.0020825 0.0025407 0.0022115 0.0022079 0.0018805 0.0053471 0.0031411 0.0041892 0.0019459 0.0026744 0.0025385 0.0023413 0.0022135 0.0017540 0.0017514 0.0020809 0.0020817 0.0020781 0.0020119 0.0025474 0.0019500 0.0011130 0.0012383 0.0021450 0.0022763 0.0017517 0.0020137 0.0018157 0.0019459 0.0146062 0.0152062 0.0152046 0.0151286 0.0148655 0.0328643 0.0328680 0.0299201 
KY077676.1 0.0023440 0.0015579 0.0020159 0.0014966 0.0025509 0.0027513 0.0025446 0.0022791 0.0017547 0.0018213 0.0006114 0.0000000 0.0007984 0.0024781 0.0019481 0.0018827 0.0019514 0.0024088 0.0019496 0.0020776 0.0017516 0.0052021 0.0031416 0.0041896 0.0016868 0.0025420 0.0022741 0.0022103 0.0020827 0.0016254 0.0016228 0.0018201 0.0018207 0.0019482 0.0018823 0.0022821 0.0016904 0.0009873 0.0011122 0.0020148 0.0021455 0.0016233 0.0018840 0.0016871 0.0018167 0.0147760 0.0153773 0.0153757 0.0152996 0.0150359 0.0326547 0.0326584 0.0299203 
KP340170.1 0.0025442 0.0017521 0.0022138 0.0016906 0.0027530 0.0029547 0.0027462 0.0024789 0.0019507 0.0020179 0.0010491 0.0007984 0.0000000 0.0026795 0.0021454 0.0022116 0.0021489 0.0026093 0.0021469 0.0022756 0.0019472 0.0054207 0.0033467 0.0044019 0.0018819 0.0027434 0.0026059 0.0024094 0.0022150 0.0018204 0.0018177 0.0020166 0.0020173 0.0021454 0.0020790 0.0024821 0.0018859 0.0011774 0.0013031 0.0022126 0.0023442 0.0018181 0.0020809 0.0018822 0.0020128 0.0150332 0.0156365 0.0156348 0.0155586 0.0152939 0.0329654 0.0329692 0.0302235 
KY348642.1 0.0033601 0.0026782 0.0032931 0.0027511 0.0034395 0.0035082 0.0034311 0.0030224 0.0026163 0.0029554 0.0026106 0.0024781 0.0026795 0.0000000 0.0012402 0.0011766 0.0033651 0.0037039 0.0033620 0.0030829 0.0031508 0.0061652 0.0043245 0.0054131 0.0028126 0.0035647 0.0031494 0.0030856 0.0020213 0.0027494 0.0031521 0.0029546 0.0033639 0.0033585 0.0032890 0.0037821 0.0029541 0.0026139 0.0028798 0.0028832 0.0030179 0.0026124 0.0028835 0.0026782 0.0028126 0.0155778 0.0163590 0.0163573 0.0162807 0.0158405 0.0332210 0.0332248 0.0302703 
GU590993.1 0.0030831 0.0022755 0.0027481 0.0024799 0.0030256 0.0030935 0.0028837 0.0026150 0.0026139 0.0028170 0.0022099 0.0019481 0.0021454 0.0012402 0.0000000 0.0007980 0.0028172 0.0031519 0.0028146 0.0028099 0.0027424 0.0057171 0.0037612 0.0048308 0.0022762 0.0031502 0.0026080 0.0026779 0.0017584 0.0023461 0.0026092 0.0026814 0.0028162 0.0029469 0.0028784 0.0032264 0.0025477 0.0022128 0.0024753 0.0023460 0.0024783 0.0022115 0.0023463 0.0024093 0.0025424 0.0152195 0.0159970 0.0159953 0.0159189 0.0154809 0.0327900 0.0327937 0.0300502 
KY369152.2 0.0030150 0.0023418 0.0028144 0.0025468 0.0029575 0.0030254 0.0029504 0.0025480 0.0025469 0.0027495 0.0021440 0.0018827 0.0022116 0.0011766 0.0007980 0.0000000 0.0028851 0.0032191 0.0028824 0.0027429 0.0028098 0.0057907 0.0038309 0.0049026 0.0022110 0.0032186 0.0028087 0.0026108 0.0016934 0.0022797 0.0026762 0.0027488 0.0028840 0.0028793 0.0028109 0.0032953 0.0026148 0.0021468 0.0022770 0.0024114 0.0025440 0.0021455 0.0024118 0.0023430 0.0024756 0.0154774 0.0162574 0.0162557 0.0161792 0.0157397 0.0330996 0.0331034 0.0303525 
HQ914447.1 0.0032246 0.0024122 0.0030226 0.0024839 0.0033034 0.0033705 0.0030229 0.0027528 0.0027516 0.0026863 0.0020825 0.0019514 0.0021489 0.0033651 0.0028172 0.0028851 0.0000000 0.0018173 0.0014959 0.0029501 0.0027467 0.0060186 0.0039062 0.0046991 0.0025465 0.0031551 0.0030150 0.0028158 0.0029573 0.0026176 0.0023475 0.0026844 0.0021470 0.0024083 0.0023412 0.0032996 0.0025506 0.0022164 0.0023459 0.0028850 0.0028851 0.0023479 0.0026165 0.0022802 0.0024129 0.0157498 0.0163589 0.0163572 0.0162806 0.0160131 0.0339529 0.0339568 0.0309771 
KX440262.1 0.0035615 0.0028759 0.0030173 0.0028820 0.0036417 0.0037097 0.0032208 0.0032211 0.0029494 0.0028830 0.0025407 0.0024088 0.0026093 0.0037039 0.0031519 0.0032191 0.0018173 0.0000000 0.0014287 0.0032844 0.0032156 0.0065294 0.0043905 0.0053361 0.0028767 0.0036299 0.0033511 0.0030124 0.0032924 0.0028139 0.0029449 0.0029488 0.0026071 0.0026026 0.0026692 0.0037773 0.0030175 0.0025439 0.0026744 0.0030838 0.0030839 0.0026766 0.0028139 0.0026081 0.0027421 0.0160814 0.0166927 0.0166909 0.0166143 0.0163457 0.0339297 0.0339336 0.0313645 
KX440275.1 0.0032217 0.0024099 0.0028162 0.0024148 0.0033003 0.0035056 0.0030185 0.0028842 0.0027490 0.0025494 0.0022115 0.0019496 0.0021469 0.0033620 0.0028146 0.0028824 0.0014959 0.0014287 0.0000000 0.0029473 0.0027442 0.0061618 0.0040426 0.0048349 0.0024106 0.0032891 0.0031483 0.0026781 0.0029546 0.0024812 0.0024774 0.0026147 0.0022772 0.0022731 0.0023390 0.0032966 0.0025483 0.0022143 0.0023438 0.0030181 0.0030183 0.0024790 0.0027487 0.0022781 0.0024106 0.0156502 0.0162584 0.0162566 0.0161801 0.0159131 0.0336195 0.0336233 0.0310663 
KT698008.1 0.0033538 0.0026733 0.0028794 0.0026115 0.0034330 0.0036388 0.0034247 0.0031517 0.0026103 0.0026796 0.0022079 0.0020776 0.0022756 0.0030829 0.0028099 0.0027429 0.0029501 0.0032844 0.0029473 0.0000000 0.0011763 0.0060049 0.0041769 0.0052590 0.0026741 0.0034214 0.0031435 0.0030798 0.0028145 0.0024784 0.0027414 0.0028125 0.0029490 0.0029442 0.0028758 0.0028872 0.0024140 0.0023433 0.0024730 0.0027429 0.0030123 0.0026075 0.0027431 0.0022744 0.0024068 0.0158976 0.0165074 0.0165056 0.0164291 0.0161612 0.0340135 0.0340174 0.0312452 
HQ189135.1 0.0028786 0.0023403 0.0028125 0.0022787 0.0033634 0.0035690 0.0032183 0.0030831 0.0024106 0.0024791 0.0018805 0.0017516 0.0019472 0.0031508 0.0027424 0.0028098 0.0027467 0.0032156 0.0027442 0.0011763 0.0000000 0.0057827 0.0038267 0.0048973 0.0024729 0.0030786 0.0030751 0.0030114 0.0028818 0.0022793 0.0022749 0.0024774 0.0024796 0.0026092 0.0025416 0.0025508 0.0020832 0.0021455 0.0022745 0.0025434 0.0028111 0.0022763 0.0025438 0.0022080 0.0023399 0.0154619 0.0160684 0.0160667 0.0159903 0.0157241 0.0332763 0.0332801 0.0305268 
FJ713601.1 0.0061585 0.0054181 0.0062370 0.0054301 0.0058076 0.0055868 0.0057955 0.0056484 0.0057934 0.0060184 0.0053471 0.0052021 0.0054207 0.0061652 0.0057171 0.0057907 0.0060186 0.0065294 0.0061618 0.0060049 0.0057827 0.0000000 0.0048406 0.0063902 0.0049854 0.0052807 0.0053435 0.0054954 0.0058721 0.0056470 0.0059330 0.0057203 0.0057217 0.0061574 0.0060820 0.0063185 0.0058681 0.0053530 0.0057843 0.0055728 0.0058639 0.0052005 0.0054972 0.0054188 0.0054199 0.0150748 0.0160241 0.0160224 0.0159459 0.0155076 0.0327220 0.0327257 0.0306928 
KR135883.1 0.0041795 0.0032099 0.0041145 0.0034904 0.0037059 0.0037736 0.0035585 0.0035585 0.0039729 0.0039062 0.0031411 0.0031416 0.0033467 0.0043245 0.0037612 0.0038309 0.0039062 0.0043905 0.0040426 0.0041769 0.0038267 0.0048406 0.0000000 0.0032883 0.0029388 0.0031461 0.0035495 0.0034853 0.0039061 0.0035569 0.0036897 0.0037655 0.0037656 0.0040388 0.0039679 0.0045416 0.0037651 0.0034175 0.0036890 0.0038309 0.0039692 0.0032770 0.0036921 0.0034841 0.0036218 0.0146877 0.0152883 0.0152867 0.0152106 0.0149472 0.0331620 0.0331658 0.0304115 
KR135861.1 0.0051898 0.0045405 0.0051960 0.0047641 0.0049183 0.0051331 0.0044811 0.0044811 0.0050499 0.0049813 0.0041892 0.0041896 0.0044019 0.0054131 0.0048308 0.0049026 0.0046991 0.0053361 0.0048349 0.0052590 0.0048973 0.0063902 0.0032883 0.0000000 0.0038399 0.0041952 0.0047541 0.0045454 0.0048375 0.0044778 0.0047563 0.0049794 0.0051249 0.0052623 0.0051888 0.0056375 0.0048354 0.0044758 0.0047554 0.0049026 0.0047592 0.0041897 0.0046181 0.0046849 0.0048275 0.0156638 0.0162723 0.0162706 0.0161940 0.0159268 0.0341568 0.0343678 0.0312750 
KT819263.1 0.0028097 0.0020105 0.0027452 0.0022126 0.0023508 0.0025503 0.0023454 0.0020816 0.0024772 0.0024126 0.0019459 0.0016868 0.0018819 0.0028126 0.0022762 0.0022110 0.0025465 0.0028767 0.0024106 0.0026741 0.0024729 0.0049854 0.0029388 0.0038399 0.0000000 0.0023427 0.0022077 0.0020135 0.0024128 0.0019488 0.0023414 0.0025444 0.0025455 0.0026753 0.0026075 0.0030191 0.0024115 0.0019485 0.0022085 0.0024756 0.0026083 0.0020774 0.0024760 0.0020127 0.0021438 0.0145164 0.0151157 0.0151141 0.0150381 0.0147753 0.0323356 0.0323392 0.0298138 
KM986608.1 0.0032857 0.0024740 0.0036339 0.0029506 0.0032298 0.0032969 0.0028139 0.0026802 0.0032208 0.0030183 0.0026744 0.0025420 0.0027434 0.0035647 0.0031502 0.0032186 0.0031551 0.0036299 0.0032891 0.0034214 0.0030786 0.0052807 0.0031461 0.0041952 0.0023427 0.0000000 0.0028077 0.0027443 0.0030198 0.0029489 0.0030804 0.0028817 0.0032910 0.0035612 0.0033536 0.0035018 0.0030183 0.0026778 0.0029440 0.0032185 0.0033545 0.0028095 0.0032190 0.0027421 0.0028765 0.0142759 0.0148736 0.0148720 0.0147960 0.0145341 0.0326714 0.0328794 0.0299263 
KM986625.1 0.0035573 0.0027377 0.0032180 0.0029460 0.0024166 0.0024820 0.0022776 0.0022775 0.0030805 0.0031512 0.0025385 0.0022741 0.0026059 0.0031494 0.0026080 0.0028087 0.0030150 0.0033511 0.0031483 0.0031435 0.0030751 0.0053435 0.0035495 0.0047541 0.0022077 0.0028077 0.0000000 0.0022087 0.0028805 0.0028102 0.0030767 0.0030128 0.0031501 0.0034189 0.0033496 0.0037724 0.0030148 0.0026746 0.0029404 0.0028086 0.0029427 0.0026718 0.0028089 0.0027388 0.0028732 0.0149478 0.0155505 0.0155488 0.0154726 0.0152083 0.0333784 0.0333823 0.0304213 
KY686209.1 0.0029469 0.0024071 0.0029484 0.0026798 0.0022194 0.0024177 0.0019503 0.0018203 0.0028810 0.0028156 0.0023413 0.0022103 0.0024094 0.0030856 0.0026779 0.0026108 0.0028158 0.0030124 0.0026781 0.0030798 0.0030114 0.0054954 0.0034853 0.0045454 0.0020135 0.0027443 0.0022087 0.0000000 0.0025477 0.0024783 0.0028775 0.0028813 0.0030862 0.0029451 0.0030126 0.0035688 0.0026807 0.0022117 0.0024741 0.0028791 0.0030135 0.0023430 0.0028793 0.0024082 0.0025412 0.0149517 0.0155545 0.0155529 0.0154767 0.0152122 0.0329731 0.0329769 0.0304356 
KM986616.1 0.0030878 0.0024121 0.0028865 0.0023514 0.0030303 0.0032340 0.0030229 0.0027527 0.0026168 0.0028214 0.0022135 0.0020827 0.0022150 0.0020213 0.0017584 0.0016934 0.0029573 0.0032924 0.0029546 0.0028145 0.0028818 0.0058721 0.0039061 0.0048375 0.0024128 0.0030198 0.0028805 0.0025477 0.0000000 0.0023498 0.0027478 0.0028207 0.0029563 0.0029514 0.0028828 0.0034374 0.0025517 0.0022163 0.0024792 0.0026150 0.0027485 0.0022150 0.0024823 0.0024131 0.0025464 0.0157493 0.0163584 0.0163567 0.0162801 0.0160126 0.0325968 0.0326005 0.0300659 
JN084084.1 0.0026135 0.0019492 0.0024162 0.0021508 0.0028232 0.0030257 0.0028164 0.0025482 0.0022824 0.0022178 0.0017540 0.0016254 0.0018204 0.0027494 0.0023461 0.0022797 0.0026176 0.0028139 0.0024812 0.0024784 0.0022793 0.0056470 0.0035569 0.0044778 0.0019488 0.0029489 0.0028102 0.0024783 0.0023498 0.0000000 0.0022797 0.0024826 0.0024836 0.0024795 0.0024121 0.0028225 0.0022178 0.0017563 0.0020152 0.0022807 0.0024128 0.0018848 0.0022811 0.0019502 0.0020812 0.0151398 0.0157442 0.0157426 0.0156663 0.0154010 0.0331052 0.0331089 0.0305642 
KY303770.1 0.0028791 0.0022093 0.0026794 0.0021477 0.0032279 0.0034325 0.0030834 0.0029487 0.0024119 0.0024807 0.0017514 0.0016228 0.0018177 0.0031521 0.0026092 0.0026762 0.0023475 0.0029449 0.0024774 0.0027414 0.0022749 0.0059330 0.0036897 0.0047563 0.0023414 0.0030804 0.0030767 0.0028775 0.0027478 0.0022797 0.0000000 0.0024790 0.0023466 0.0024757 0.0024084 0.0028169 0.0022136 0.0020151 0.0021437 0.0025449 0.0026780 0.0022766 0.0025440 0.0023417 0.0024744 0.0154646 0.0160712 0.0160695 0.0159931 0.0157268 0.0328786 0.0328824 0.0303371 
KY686210.1 0.0029519 0.0021472 0.0026154 0.0020854 0.0033021 0.0032331 0.0029526 0.0030207 0.0023496 0.0024170 0.0020809 0.0018201 0.0020166 0.0029546 0.0026814 0.0027488 0.0026844 0.0029488 0.0026147 0.0028125 0.0024774 0.0057203 0.0037655 0.0049794 0.0025444 0.0028817 0.0030128 0.0028813 0.0028207 0.0024826 0.0024790 0.0000000 0.0025502 0.0026130 0.0026123 0.0029570 0.0025497 0.0022158 0.0023453 0.0027487 0.0028828 0.0023460 0.0026145 0.0024114 0.0025444 0.0152192 0.0159967 0.0159951 0.0159187 0.0154816 0.0325406 0.0325443 0.0296054 
JF837819.1 0.0030894 0.0024123 0.0027514 0.0022176 0.0034403 0.0035076 0.0034318 0.0031584 0.0026170 0.0026865 0.0020817 0.0018207 0.0020173 0.0033639 0.0028162 0.0028840 0.0021470 0.0026071 0.0022772 0.0029490 0.0024796 0.0057217 0.0037656 0.0051249 0.0025455 0.0032910 0.0031501 0.0030862 0.0029563 0.0024836 0.0023466 0.0025502 0.0000000 0.0009881 0.0009249 0.0030258 0.0025508 0.0022165 0.0023461 0.0026164 0.0027501 0.0022142 0.0023491 0.0024123 0.0025455 0.0157492 0.0163583 0.0163566 0.0162800 0.0160125 0.0326950 0.0326987 0.0299580 
KX440315.1 0.0030844 0.0025417 0.0026795 0.0024131 0.0034348 0.0036407 0.0032885 0.0031532 0.0026127 0.0026820 0.0020781 0.0019482 0.0021454 0.0033585 0.0029469 0.0028793 0.0024083 0.0026026 0.0022731 0.0029442 0.0026092 0.0061574 0.0040388 0.0052623 0.0026753 0.0035612 0.0034189 0.0029451 0.0029514 0.0024795 0.0024757 0.0026130 0.0009881 0.0000000 0.0005498 0.0032945 0.0026808 0.0022128 0.0023421 0.0027466 0.0028806 0.0024761 0.0026123 0.0024082 0.0025413 0.0158214 0.0164308 0.0164291 0.0163526 0.0160849 0.0334051 0.0334090 0.0308574 
JN419195.1 0.0028798 0.0023412 0.0028137 0.0024125 0.0033650 0.0035705 0.0032196 0.0029482 0.0024114 0.0024801 0.0020119 0.0018823 0.0020790 0.0032890 0.0028784 0.0028109 0.0023412 0.0026692 0.0023390 0.0028758 0.0025416 0.0060820 0.0039679 0.0051888 0.0026075 0.0033536 0.0033496 0.0030126 0.0028828 0.0024121 0.0024084 0.0026123 0.0009249 0.0005498 0.0000000 0.0030882 0.0026129 0.0021461 0.0022752 0.0026786 0.0028123 0.0024088 0.0025446 0.0022097 0.0023419 0.0158199 0.0164293 0.0164275 0.0163510 0.0160833 0.0328794 0.0328831 0.0305495 
KT698006.1 0.0035709 0.0027485 0.0030848 0.0025458 0.0037909 0.0040688 0.0037803 0.0035038 0.0030248 0.0030267 0.0025474 0.0022821 0.0024821 0.0037821 0.0032264 0.0032953 0.0032996 0.0037773 0.0032966 0.0028872 0.0025508 0.0063185 0.0045416 0.0056375 0.0030191 0.0035018 0.0037724 0.0035688 0.0034374 0.0028225 0.0028169 0.0029570 0.0030258 0.0032945 0.0030882 0.0000000 0.0023554 0.0026851 0.0027495 0.0033648 0.0035017 0.0028174 0.0029474 0.0030195 0.0031556 0.0157058 0.0164010 0.0163993 0.0163228 0.0160687 0.0330597 0.0330634 0.0301947 
HM804485.1 0.0029513 0.0021466 0.0027509 0.0020849 0.0031655 0.0033703 0.0030215 0.0027514 0.0023491 0.0024176 0.0019500 0.0016904 0.0018859 0.0029541 0.0025477 0.0026148 0.0025506 0.0030175 0.0025483 0.0024140 0.0020832 0.0058681 0.0037651 0.0048354 0.0024115 0.0030183 0.0030148 0.0026807 0.0025517 0.0022178 0.0022136 0.0025497 0.0025508 0.0026808 0.0026129 0.0023554 0.0000000 0.0019525 0.0020811 0.0027494 0.0028836 0.0022138 0.0024811 0.0022790 0.0024115 0.0154000 0.0160064 0.0160047 0.0159283 0.0156621 0.0330025 0.0330062 0.0304583 
JF343123.1 0.0023455 0.0016882 0.0022814 0.0018872 0.0025526 0.0027531 0.0025463 0.0022806 0.0020175 0.0018225 0.0011130 0.0009873 0.0011774 0.0026139 0.0022128 0.0021468 0.0022164 0.0025439 0.0022143 0.0023433 0.0021455 0.0053530 0.0034175 0.0044758 0.0019485 0.0026778 0.0026746 0.0022117 0.0022163 0.0017563 0.0020151 0.0022158 0.0022165 0.0022128 0.0021461 0.0026851 0.0019525 0.0000000 0.0007361 0.0021478 0.0022792 0.0017540 0.0021481 0.0018181 0.0019485 0.0153005 0.0159059 0.0159042 0.0158279 0.0155622 0.0332969 0.0333007 0.0307465 
KY496869.1 0.0026091 0.0019460 0.0023452 0.0019505 0.0028185 0.0030205 0.0028116 0.0025438 0.0021463 0.0019507 0.0012383 0.0011122 0.0013031 0.0028798 0.0024753 0.0022770 0.0023459 0.0026744 0.0023438 0.0024730 0.0022745 0.0057843 0.0036890 0.0047554 0.0022085 0.0029440 0.0029404 0.0024741 0.0024792 0.0020152 0.0021437 0.0023453 0.0023461 0.0023421 0.0022752 0.0027495 0.0020811 0.0007361 0.0000000 0.0024098 0.0025423 0.0020126 0.0022116 0.0019460 0.0020768 0.0155498 0.0161570 0.0161553 0.0160788 0.0158122 0.0335903 0.0335942 0.0308330 
KU508374.1 0.0028818 0.0023429 0.0026819 0.0025480 0.0032295 0.0032966 0.0030865 0.0029503 0.0026812 0.0027506 0.0021450 0.0020148 0.0022126 0.0028832 0.0023460 0.0024114 0.0028850 0.0030838 0.0030181 0.0027429 0.0025434 0.0055728 0.0038309 0.0049026 0.0024756 0.0032185 0.0028086 0.0028791 0.0026150 0.0022807 0.0025449 0.0027487 0.0026164 0.0027466 0.0026786 0.0033648 0.0027494 0.0021478 0.0024098 0.0000000 0.0007361 0.0021454 0.0021486 0.0024761 0.0026093 0.0154792 0.0160861 0.0160844 0.0160080 0.0157415 0.0337275 0.0337314 0.0309595 
KY934478.1 0.0028806 0.0024750 0.0028157 0.0026812 0.0030914 0.0034332 0.0030853 0.0029492 0.0028150 0.0028848 0.0022763 0.0021455 0.0023442 0.0030179 0.0024783 0.0025440 0.0028851 0.0030839 0.0030183 0.0030123 0.0028111 0.0058639 0.0039692 0.0047592 0.0026083 0.0033545 0.0029427 0.0030135 0.0027485 0.0024128 0.0026780 0.0028828 0.0027501 0.0028806 0.0028123 0.0035017 0.0028836 0.0022792 0.0025423 0.0007361 0.0000000 0.0021455 0.0021487 0.0026088 0.0027426 0.0154800 0.0160869 0.0160852 0.0160088 0.0157423 0.0339355 0.0339394 0.0311625 
HM453712.1 0.0024773 0.0019467 0.0024118 0.0020162 0.0028193 0.0028856 0.0028125 0.0024111 0.0022794 0.0023476 0.0017517 0.0016233 0.0018181 0.0026124 0.0022115 0.0021455 0.0023479 0.0026766 0.0024790 0.0026075 0.0022763 0.0052005 0.0032770 0.0041897 0.0020774 0.0028095 0.0026718 0.0023430 0.0022150 0.0018848 0.0022766 0.0023460 0.0022142 0.0024761 0.0024088 0.0028174 0.0022138 0.0017540 0.0020126 0.0021454 0.0021455 0.0000000 0.0011132 0.0020779 0.0022092 0.0151172 0.0157211 0.0157194 0.0156432 0.0153781 0.0328594 0.0328632 0.0299159 
HM448049.1 0.0028822 0.0023432 0.0022756 0.0021438 0.0032300 0.0032969 0.0030868 0.0028151 0.0025471 0.0024834 0.0020137 0.0018840 0.0020809 0.0028835 0.0023463 0.0024118 0.0026165 0.0028139 0.0027487 0.0027431 0.0025438 0.0054972 0.0036921 0.0046181 0.0024760 0.0032190 0.0028089 0.0028793 0.0024823 0.0022811 0.0025440 0.0026145 0.0023491 0.0026123 0.0025446 0.0029474 0.0024811 0.0021481 0.0022116 0.0021486 0.0021487 0.0011132 0.0000000 0.0023432 0.0024760 0.0149336 0.0157078 0.0157061 0.0156299 0.0153650 0.0324231 0.0324267 0.0294924 
KU521494.1 0.0026758 0.0020112 0.0026112 0.0022130 0.0028870 0.0030895 0.0027449 0.0024777 0.0022120 0.0021477 0.0018157 0.0016871 0.0018822 0.0026782 0.0024093 0.0023430 0.0022802 0.0026081 0.0022781 0.0022744 0.0022080 0.0054188 0.0034841 0.0046849 0.0020127 0.0027421 0.0027388 0.0024082 0.0024131 0.0019502 0.0023417 0.0024114 0.0024123 0.0024082 0.0022097 0.0030195 0.0022790 0.0018181 0.0019460 0.0024761 0.0026088 0.0020779 0.0023432 0.0000000 0.0001210 0.0152035 0.0158080 0.0158064 0.0157301 0.0154648 0.0327657 0.0327694 0.0302275 
KU521491.1 0.0028100 0.0021421 0.0027452 0.0023452 0.0030225 0.0032260 0.0028796 0.0026112 0.0023442 0.0022796 0.0019459 0.0018167 0.0020128 0.0028126 0.0025424 0.0024756 0.0024129 0.0027421 0.0024106 0.0024068 0.0023399 0.0054199 0.0036218 0.0048275 0.0021438 0.0028765 0.0028732 0.0025412 0.0025464 0.0020812 0.0024744 0.0025444 0.0025455 0.0025413 0.0023419 0.0031556 0.0024115 0.0019485 0.0020768 0.0026093 0.0027426 0.0022092 0.0024760 0.0001210 0.0000000 0.0150323 0.0156356 0.0156339 0.0155577 0.0152930 0.0325601 0.0325637 0.0300265 
KX198087.1 0.0159069 0.0145164 0.0154588 0.0147742 0.0155067 0.0155942 0.0147077 0.0149654 0.0151396 0.0154027 0.0146062 0.0147760 0.0150332 0.0155778 0.0152195 0.0154774 0.0157498 0.0160814 0.0156502 0.0158976 0.0154619 0.0150748 0.0146877 0.0156638 0.0145164 0.0142759 0.0149478 0.0149517 0.0157493 0.0151398 0.0154646 0.0152192 0.0157492 0.0158214 0.0158199 0.0157058 0.0154000 0.0153005 0.0155498 0.0154792 0.0154800 0.0151172 0.0149336 0.0152035 0.0150323 0.0000000 0.0007973 0.0007973 0.0007977 0.0006745 0.0309848 0.0309882 0.0287713 
KX198086.1 0.0165169 0.0151156 0.0160654 0.0153757 0.0161142 0.0163758 0.0153088 0.0155684 0.0159165 0.0160092 0.0152062 0.0153773 0.0156365 0.0163590 0.0159970 0.0162574 0.0163589 0.0166927 0.0162584 0.0165074 0.0160684 0.0160241 0.0152883 0.0162723 0.0151157 0.0148736 0.0155505 0.0155545 0.0163584 0.0157442 0.0160712 0.0159967 0.0163583 0.0164308 0.0164293 0.0164010 0.0160064 0.0159059 0.0161570 0.0160861 0.0160869 0.0157211 0.0157078 0.0158080 0.0156356 0.0007973 0.0000000 0.0000010 0.0000010 0.0008615 0.0323125 0.0323161 0.0300725 
KX198085.1 0.0165152 0.0151140 0.0160637 0.0153741 0.0161125 0.0163741 0.0153072 0.0155668 0.0159148 0.0160076 0.0152046 0.0153757 0.0156348 0.0163573 0.0159953 0.0162557 0.0163572 0.0166909 0.0162566 0.0165056 0.0160667 0.0160224 0.0152867 0.0162706 0.0151141 0.0148720 0.0155488 0.0155529 0.0163567 0.0157426 0.0160695 0.0159951 0.0163566 0.0164291 0.0164275 0.0163993 0.0160047 0.0159042 0.0161553 0.0160844 0.0160852 0.0157194 0.0157061 0.0158064 0.0156339 0.0007973 0.0000010 0.0000000 0.0000010 0.0008615 0.0323090 0.0323126 0.0300692 
KX198084.1 0.0164386 0.0150380 0.0159873 0.0152979 0.0160360 0.0162975 0.0152310 0.0154905 0.0158385 0.0159311 0.0151286 0.0152996 0.0155586 0.0162807 0.0159189 0.0161792 0.0162806 0.0166143 0.0161801 0.0164291 0.0159903 0.0159459 0.0152106 0.0161940 0.0150381 0.0147960 0.0154726 0.0154767 0.0162801 0.0156663 0.0159931 0.0159187 0.0162800 0.0163526 0.0163510 0.0163228 0.0159283 0.0158279 0.0160788 0.0160080 0.0160088 0.0156432 0.0156299 0.0157301 0.0155577 0.0007977 0.0000010 0.0000010 0.0000000 0.0008620 0.0322287 0.0322323 0.0299892 
KX198088.1 0.0161706 0.0149456 0.0157219 0.0150350 0.0155950 0.0156826 0.0149674 0.0151393 0.0154008 0.0156649 0.0148655 0.0150359 0.0152939 0.0158405 0.0154809 0.0157397 0.0160131 0.0163457 0.0159131 0.0161612 0.0157241 0.0155076 0.0149472 0.0159268 0.0147753 0.0145341 0.0152083 0.0152122 0.0160126 0.0154010 0.0157268 0.0154816 0.0160125 0.0160849 0.0160833 0.0160687 0.0156621 0.0155622 0.0158122 0.0157415 0.0157423 0.0153781 0.0153650 0.0154648 0.0152930 0.0006745 0.0008615 0.0008615 0.0008620 0.0000000 0.0319319 0.0319354 0.0296996 
FN673705.1 0.0342435 0.0331640 0.0334838 0.0320435 0.0339827 0.0340922 0.0335221 0.0330983 0.0329965 0.0335257 0.0328643 0.0326547 0.0329654 0.0332210 0.0327900 0.0330996 0.0339529 0.0339297 0.0336195 0.0340135 0.0332763 0.0327220 0.0331620 0.0341568 0.0323356 0.0326714 0.0333784 0.0329731 0.0325968 0.0331052 0.0328786 0.0325406 0.0326950 0.0334051 0.0328794 0.0330597 0.0330025 0.0332969 0.0335903 0.0337275 0.0339355 0.0328594 0.0324231 0.0327657 0.0325601 0.0309848 0.0323125 0.0323090 0.0322287 0.0319319 0.0000000 0.0001209 0.0057719 
FR695060.1 0.0342475 0.0331678 0.0334876 0.0320471 0.0339866 0.0340962 0.0335260 0.0331021 0.0330003 0.0335296 0.0328680 0.0326584 0.0329692 0.0332248 0.0327937 0.0331034 0.0339568 0.0339336 0.0336233 0.0340174 0.0332801 0.0327257 0.0331658 0.0343678 0.0323392 0.0328794 0.0333823 0.0329769 0.0326005 0.0331089 0.0328824 0.0325443 0.0326987 0.0334090 0.0328831 0.0330634 0.0330062 0.0333007 0.0335942 0.0337314 0.0339394 0.0328632 0.0324267 0.0327694 0.0325637 0.0309882 0.0323161 0.0323126 0.0322323 0.0319354 0.0001209 0.0000000 0.0056261 
KT780370.1 0.0310546 0.0304180 0.0307292 0.0293232 0.0310091 0.0311101 0.0305581 0.0299514 0.0302570 0.0309749 0.0299201 0.0299203 0.0302235 0.0302703 0.0300502 0.0303525 0.0309771 0.0313645 0.0310663 0.0312452 0.0305268 0.0306928 0.0304115 0.0312750 0.0298138 0.0299263 0.0304213 0.0304356 0.0300659 0.0305642 0.0303371 0.0296054 0.0299580 0.0308574 0.0305495 0.0301947 0.0304583 0.0307465 0.0308330 0.0309595 0.0311625 0.0299159 0.0294924 0.0302275 0.0300265 0.0287713 0.0300725 0.0300692 0.0299892 0.0296996 0.0057719 0.0056261 0.0000000 
